  Daily Lake Average Surface Water Temperature
                     From
 Great Lakes Surface Environmental Analysis maps

--------------------------------------------------------
                  Surf. Water Temp. (degrees C)

Year Day    Sup.   Mich.   Huron    Erie    Ont.  St.Clr
--------------------------------------------------------

2022 001    3.89    4.85    4.44    4.70    5.02    2.88
2022 002    3.84    4.74    4.39    4.66    5.32    2.62
2022 003    3.64    4.53    4.15    4.65    5.34    2.46
2022 004    3.64    4.67    4.13    4.63    5.31    2.25
2022 005    3.61    4.56    4.09    4.50    5.05    2.15
2022 006    3.53    4.38    3.80    4.17    4.88    1.62
2022 007    3.40    4.15    3.45    3.79    4.90    0.40
2022 008    3.18    4.03    3.22    3.64    4.73    0.20
2022 009    3.17    4.03    3.25    3.58    4.71    0.20
2022 010    3.18    3.95    3.23    3.50    4.58    0.20
2022 011    2.92    3.76    2.85    3.09    4.37    0.20
2022 012    2.53    3.81    2.89    2.89    4.18    0.20
2022 013    2.41    3.67    2.79    2.64    4.27    0.20
2022 014    2.35    3.53    2.62    2.49    4.20    0.20
2022 015    2.21    3.43    2.49    2.25    4.12    0.20
2022 016    2.21    3.43    2.41    2.08    3.90    0.20
2022 017    2.30    3.34    2.34    2.11    4.01    0.20
2022 018    2.22    3.23    2.30    1.99    3.81    0.20
2022 019    2.13    3.27    2.36    1.77    3.76    0.20
2022 020    2.05    3.19    2.15    1.46    3.65    0.20
2022 021    2.00    3.01    2.00    1.25    3.39    0.20
2022 022    1.93    2.99    1.97    1.30    2.81    0.20
2022 023    1.95    2.86    1.97    1.11    3.11    0.20
2022 024    1.88    2.78    1.87    0.95    3.02    0.20
2022 025    1.80    2.70    1.73    0.79    3.07    0.20
2022 026    1.69    2.50    1.47    0.62    2.93    0.20
2022 027    1.69    2.46    1.58    0.59    2.78    0.20
2022 028    1.66    2.32    1.48    0.54    2.76    0.20
2022 029    1.57    2.27    1.25    0.40    2.56    0.20
2022 030    1.48    2.22    1.25    0.32    2.47    0.20
2022 031    1.44    2.27    1.21    0.20    2.36    0.20
2022 032    1.35    2.27    1.26    0.20    2.48    0.20
2022 033    1.44    2.47    1.21    0.29    2.65    0.20
2022 034    1.35    2.25    1.30    0.37    2.62    0.20
2022 035    1.20    2.22    1.11    0.25    2.52    0.20
2022 036    1.08    2.14    0.90    0.20    2.24    0.20
2022 037    1.02    2.15    0.93    0.20    2.29    0.20
2022 038    1.10    2.19    1.14    0.27    2.35    0.20
2022 039    1.05    2.14    1.10    0.29    2.45    0.20
2022 040    1.03    2.19    1.06    0.28    2.48    0.20
2022 041    1.07    2.23    1.07    0.26    2.51    0.20
2022 042    0.99    2.20    1.09    0.25    2.47    0.20
2022 043    0.97    2.09    1.05    0.31    2.42    0.20
2022 044    0.82    1.89    0.80    0.24    2.26    0.20
2022 045    0.72    1.69    0.63    0.20    2.13    0.20
2022 046    0.71    1.72    0.74    0.20    2.02    0.20
2022 047    0.71    1.84    0.81    0.20    2.18    0.20
2022 048    0.71    1.93    0.82    0.20    2.33    0.20
2022 049    0.62    1.84    0.80    0.20    2.31    0.20
2022 050    0.63    1.82    0.86    0.20    2.31    0.20
2022 051    0.63    1.90    0.80    0.20    2.37    0.20
2022 052    0.61    1.88    0.83    0.20    2.41    0.20
2022 053    0.56    1.72    0.77    0.21    2.31    0.20
2022 054    0.53    1.65    0.60    0.29    2.23    0.20
2022 055    0.49    1.57    0.55    0.20    2.22    0.20
2022 056    0.47    1.54    0.55    0.27    2.20    0.20
2022 057    0.42    1.52    0.53    0.20    2.01    0.20
2022 058    0.51    1.65    0.66    0.20    2.24    0.20
2022 059    0.49    1.65    0.66    0.20    2.28    0.20
2022 060    0.45    1.64    0.64    0.20    2.16    0.20
2022 061    0.43    1.60    0.63    0.20    2.27    0.20
2022 062    0.40    1.60    0.56    0.20    2.22    0.20
2022 063    0.40    1.64    0.55    0.22    2.31    0.20
2022 064    0.41    1.69    0.57    0.20    2.48    0.20
2022 065    0.42    1.80    0.64    0.23    2.82    0.20
2022 066    0.42    1.75    0.66    0.20    2.69    0.20
2022 067    0.41    1.73    0.63    0.87    2.48    0.21
2022 068    0.40    1.72    0.67    0.92    2.47    0.80
2022 069    0.40    1.68    0.65    0.92    2.44    0.92
2022 070    0.42    1.67    0.74    0.77    2.44    1.02
2022 071    0.39    1.65    0.68    1.16    2.46    0.24
2022 072    0.38    1.68    0.65    1.17    2.48    0.20
2022 073    0.31    1.72    0.65    1.12    2.57    0.20
2022 074    0.26    1.74    0.63    1.44    2.65    0.20
2022 075    0.31    1.79    0.69    1.59    2.75    0.20
2022 076    0.35    1.90    0.75    1.74    2.78    0.20
2022 077    0.47    2.00    0.86    1.81    2.78    1.43
2022 078    0.46    2.04    0.84    1.74    2.76    2.03
2022 079    0.47    2.08    0.93    1.83    2.66    2.61
2022 080    0.49    2.06    0.99    1.96    2.71    2.72
2022 081    0.53    2.02    0.98    1.99    2.71    2.74
2022 082    0.53    1.98    0.90    1.98    2.71    2.74
2022 083    0.54    2.00    0.85    2.02    2.69    2.70
2022 084    0.48    1.93    0.87    2.03    2.70    2.67
2022 085    0.59    1.93    0.90    2.04    2.68    2.67
2022 086    0.50    1.89    0.89    2.03    2.64    2.63
2022 087    0.46    1.88    0.88    2.02    2.61    2.59
2022 088    0.40    1.83    0.86    2.07    2.62    2.70
2022 089    0.42    1.87    0.90    2.15    2.66    2.79
2022 090    0.45    1.90    0.88    2.24    2.72    2.91
2022 091    0.46    1.93    0.94    2.34    2.77    3.60
2022 092    0.49    1.93    0.92    2.36    2.78    3.60
2022 093    0.54    1.97    0.92    2.47    2.78    3.73
2022 094    0.62    2.01    0.99    2.61    2.82    3.85
2022 095    0.67    2.07    1.23    2.93    2.90    4.32
2022 096    0.68    2.10    1.31    3.13    3.02    4.61
2022 097    0.70    2.19    1.35    3.29    3.10    4.94
2022 098    0.79    2.30    1.45    3.45    3.16    5.23
2022 099    0.83    2.33    1.53    3.56    3.19    5.58
2022 100    0.88    2.44    1.62    3.73    3.21    5.67
2022 101    0.87    2.43    1.62    3.90    3.29    5.80
2022 102    0.93    2.46    1.62    4.31    3.57    6.24
2022 103    0.92    2.53    1.72    4.57    3.69    6.76
2022 104    0.91    2.59    1.79    4.72    3.74    7.05
2022 105    0.89    2.67    1.80    4.78    3.74    7.10
2022 106    0.88    2.70    1.88    4.86    3.73    7.16
2022 107    0.89    2.74    1.91    4.93    3.75    7.13
2022 108    0.92    2.76    1.93    4.97    3.80    6.98
2022 109    0.95    2.79    1.98    4.93    3.93    6.71
2022 110    0.99    2.89    2.04    4.96    4.05    6.61
2022 111    1.04    3.04    2.17    5.13    4.13    6.93
2022 112    1.09    3.06    2.24    5.31    4.22    7.14
2022 113    1.25    3.10    2.33    5.63    4.23    7.49
2022 114    1.39    3.21    2.41    5.85    4.28    7.92
2022 115    1.32    3.31    2.54    5.95    4.36    8.22
2022 116    1.21    3.36    2.56    5.97    4.41    8.26
2022 117    1.19    3.39    2.59    5.98    4.45    8.00
2022 118    1.23    3.46    2.69    6.04    4.50    7.81
2022 119    1.26    3.51    2.85    6.14    4.57    7.78
2022 120    1.34    3.61    2.95    6.22    4.58    7.91
2022 121    1.46    3.72    2.99    6.30    4.60    8.10
2022 122    1.54    3.85    3.09    6.47    4.65    8.38
2022 123    1.56    3.94    3.20    6.68    4.73    8.71
2022 124    1.58    3.98    3.27    6.94    4.83    9.01
2022 125    1.67    4.07    3.27    7.23    4.88    9.30
2022 126    1.83    4.24    3.45    7.49    5.08    9.58
2022 127    1.98    4.45    3.71    7.65    5.29    9.76
2022 128    2.05    4.64    3.91    7.87    5.46    9.91
2022 129    2.17    4.93    4.18    8.24    5.75   10.17
2022 130    2.45    5.30    4.39    8.72    6.23   10.58
2022 131    2.68    5.70    4.63    9.46    6.69   11.25
2022 132    3.12    6.27    5.02   10.52    7.37   12.08
2022 133    3.53    6.77    5.50   11.68    8.33   12.84
2022 134    2.99    6.70    5.79   12.49    9.21   13.42
2022 135    2.57    6.53    5.67   12.55    9.49   13.72
2022 136    2.38    6.40    5.41   12.30    9.05   13.73
2022 137    2.32    6.31    5.30   12.02    8.51   13.79
2022 138    2.35    6.41    5.36   11.91    8.46   13.87
2022 139    2.39    6.51    5.55   11.91    8.65   13.94
2022 140    2.43    6.60    5.73   12.05    8.95   14.05
2022 141    2.46    6.66    5.85   12.33    9.40   14.17
2022 142    2.54    6.74    5.92   12.54    9.22   14.19
2022 143    2.65    6.86    6.00   12.56    9.00   14.04
2022 144    2.68    6.92    6.07   12.62    9.10   14.07
2022 145    2.73    6.98    6.23   13.08    9.58   14.62
2022 146    2.85    7.04    6.54   13.94   10.55   15.48
2022 147    2.97    7.07    6.87   14.74   11.63   16.04
2022 148    3.00    7.13    7.16   15.21   12.44   16.45
2022 149    3.09    7.54    7.63   15.69   13.03   16.59
2022 150    3.25    8.07    8.11   16.24   13.46   16.91
2022 151    3.39    8.61    8.54   16.57   13.37   17.19
2022 152    3.43    8.97    8.35   16.77   13.25   17.29
2022 153    3.40    9.18    8.20   16.87   13.24   17.36
2022 154    3.30    9.13    8.14   16.97   13.20   17.31
2022 155    3.28    9.08    8.08   16.98   13.04   17.27
2022 156    3.37    9.13    8.20   16.96   13.14   17.22
2022 157    3.42    9.24    8.36   16.85   13.25   17.08
2022 158    3.52    9.43    8.52   16.76   13.08   17.02
2022 159    3.63    9.62    8.70   16.75   13.02   16.98
2022 160    3.69    9.92    8.97   16.89   13.27   17.03
2022 161    3.78   10.21    9.11   17.06   13.55   17.19
2022 162    3.83   10.49    9.32   17.56   14.26   17.86
2022 163    3.82   10.77    9.67   17.96   14.63   18.27
2022 164    3.88   11.15   10.07   18.34   14.98   18.29
2022 165    4.03   11.81   10.63   19.03   15.52   19.08
2022 166    4.26   12.25   10.77   19.76   15.82   20.16
2022 167    4.47   12.45   10.77   19.95   15.89   20.42
2022 168    4.51   12.53   10.71   19.85   15.90   20.39
2022 169    4.50   12.69   10.48   19.41   15.47   20.09
2022 170    4.81   12.87   10.49   19.12   15.19   19.94
2022 171    5.56   13.28   10.90   19.23   15.48   20.20
2022 172    5.44   14.01   11.54   19.40   16.03   20.55
2022 173    5.21   14.63   11.94   19.71   16.70   21.14
2022 174    5.28   15.07   12.05   19.79   16.97   21.21
2022 175    5.20   15.30   12.33   20.14   17.33   21.48
2022 176    4.94   15.49   12.69   20.43   17.75   21.56
2022 177    4.81   15.58   13.01   20.51   17.81   21.43
2022 178    4.76   15.57   13.06   20.44   17.59   21.24
2022 179    4.76   15.64   13.07   20.46   17.48   21.05
2022 180    4.82   15.95   13.37   20.56   17.62   21.08
2022 181    5.10   16.31   13.71   20.75   17.94   21.10
2022 182    5.19   16.53   14.05   20.98   18.38   21.25
2022 183    5.24   16.82   14.26   21.21   18.71   21.42
2022 184    5.36   17.34   14.54   21.42   18.83   21.76
2022 185    5.50   17.71   14.82   21.59   19.06   21.88
2022 186    5.71   18.05   15.14   21.73   19.45   22.09
2022 187    5.96   18.24   15.37   21.79   19.78   22.09
2022 188    6.18   18.39   15.61   21.86   19.99   21.96
2022 189    6.43   18.64   16.02   21.94   20.11   21.98
2022 190    6.71   18.79   16.29   21.96   20.17   22.03
2022 191    6.94   18.92   16.53   22.03   20.35   22.18
2022 192    6.98   18.96   16.76   22.12   20.60   22.34
2022 193    6.97   19.01   16.90   22.24   20.68   22.42
2022 194    7.03   19.13   17.12   22.39   20.79   22.40
2022 195    7.22   19.22   17.36   22.57   21.00   22.48
2022 196    7.61   19.35   17.63   22.68   21.31   22.57
2022 197    8.02   19.58   18.09   22.91   21.86   22.79
2022 198    8.45   20.06   18.66   23.10   22.06   23.24
2022 199    8.73   20.40   19.26   23.28   22.11   23.69
2022 200    8.85   20.51   19.55   23.45   22.27   23.92
2022 201    8.90   20.52   19.46   23.61   22.69   24.10
2022 202    8.95   20.57   19.27   23.71   22.78   24.19
2022 203    8.96   20.73   19.37   23.84   22.86   24.24
2022 204    8.92   20.75   19.46   23.91   22.87   24.24
2022 205    8.76   20.65   19.35   23.89   22.74   24.15
2022 206    8.65   20.57   19.16   23.91   22.54   24.09
2022 207    9.27   20.69   19.13   23.93   22.23   24.00
2022 208    9.78   20.81   19.04   23.97   22.00   23.93
2022 209    9.60   20.83   18.96   24.03   22.01   23.90
2022 210    9.63   20.87   18.91   24.01   21.95   23.81
2022 211    9.95   21.05   18.98   24.04   21.90   23.84
2022 212   10.16   21.15   19.15   24.13   22.00   23.98
2022 213   10.33   21.14   19.24   24.17   22.25   24.02
2022 214   10.53   21.19   19.25   24.15   22.37   23.91
2022 215   10.88   21.26   19.36   24.23   22.54   23.91
2022 216   11.11   21.30   19.51   24.54   23.12   24.25
2022 217   11.30   21.49   19.70   24.89   23.70   24.69
2022 218   11.47   21.67   19.90   25.08   24.10   24.98
2022 219   11.62   21.62   19.99   25.19   24.16   25.11
2022 220   11.86   21.46   19.99   25.13   24.01   24.91
2022 221   12.06   21.41   20.01   25.00   23.75   24.73
2022 222   12.17   21.42   20.02   24.98   23.62   24.62
2022 223   12.29   21.35   19.89   24.80   23.32   24.29
2022 224   12.66   21.28   19.86   24.59   23.06   23.90
2022 225   13.23   21.23   19.97   24.49   22.96   23.68
2022 226   13.89   21.13   20.11   24.40   22.96   23.46
2022 227   14.47   21.02   20.42   24.26   23.10   23.15
2022 228   14.96   21.00   20.65   24.20   23.29   23.04
2022 229   15.49   21.17   20.88   24.20   23.43   23.10
2022 230   15.90   21.35   21.11   24.24   23.56   23.30
2022 231   16.19   21.41   21.28   24.34   23.69   23.51
2022 232   16.34   21.47   21.38   24.41   23.83   23.52
2022 233   16.47   21.55   21.51   24.38   23.86   23.45
2022 234   16.66   21.68   21.64   24.31   23.83   23.44
2022 235   16.91   21.84   21.71   24.31   23.82   23.59
2022 236   16.88   21.88   21.67   24.34   23.81   23.74
2022 237   16.61   21.76   21.48   24.40   23.80   23.81
2022 238   16.50   21.66   21.22   24.37   23.74   23.71
2022 239   16.45   21.65   21.08   24.32   23.67   23.66
2022 240   16.26   21.65   21.02   24.32   23.63   23.68
2022 241   16.04   21.65   20.96   24.31   23.64   23.67
2022 242   15.69   21.60   20.78   24.16   23.50   23.48
2022 243   15.48   21.59   20.56   24.05   23.25   23.33
2022 244   15.44   21.63   20.36   23.99   22.96   23.30
2022 245   15.46   21.63   20.32   23.94   22.74   23.32
2022 246   15.33   21.56   20.33   23.87   22.78   23.44
2022 247   15.33   21.43   20.22   23.76   22.75   23.26
2022 248   15.53   21.33   20.04   23.58   22.52   22.83
2022 249   15.79   21.38   20.03   23.39   22.21   22.54
2022 250   16.08   21.46   20.15   23.32   22.03   22.47
2022 251   16.15   21.50   20.32   23.39   21.99   22.55
2022 252   16.02   21.47   20.35   23.49   21.97   22.70
2022 253   15.88   21.41   20.37   23.44   21.93   22.82
2022 254   15.83   21.24   20.32   23.20   21.72   22.73
2022 255   15.87   20.84   20.18   22.87   21.49   22.40
2022 256   15.82   20.43   20.04   22.60   21.41   22.12
2022 257   15.67   20.21   19.93   22.41   21.26   21.99
2022 258   15.57   20.13   19.83   22.26   21.13   21.85
2022 259   15.46   20.21   19.79   22.22   20.96   21.77
2022 260   15.25   20.27   19.78   22.32   20.76   21.89
2022 261   15.00   20.32   19.80   22.38   20.66   22.00
2022 262   14.92   20.31   19.74   22.34   20.55   22.09
2022 263   15.07   20.28   19.71   22.27   20.35   21.99
2022 264   14.85   20.12   19.63   22.13   20.23   21.66
2022 265   14.20   19.77   19.36   21.86   19.97   21.16
2022 266   13.69   19.35   18.94   21.52   19.56   20.57
2022 267   13.52   18.92   18.56   21.19   19.30   20.03
2022 268   13.22   18.37   18.00   20.60   19.06   19.07
2022 269   12.83   17.88   17.41   19.96   18.58   18.25
2022 270   12.48   17.38   16.93   19.37   18.09   17.39
2022 271   12.27   16.93   16.59   18.87   17.58   16.81
2022 272   12.19   16.67   16.43   18.66   17.29   16.59
2022 273   12.19   16.55   16.39   18.52   17.16   16.51
2022 274   12.11   16.48   16.26   18.23   17.11   16.40
2022 275   12.02   16.42   16.09   17.93   16.97   16.22
2022 276   11.95   16.40   15.96   17.79   16.84   16.17
2022 277   11.88   16.32   15.89   17.70   16.76   16.22
2022 278   11.80   16.23   15.83   17.65   16.70   16.28
2022 279   11.58   16.00   15.70   17.56   16.61   16.31
2022 280   11.12   15.55   15.41   17.24   16.32   16.01
2022 281   10.70   15.11   14.99   16.82   15.96   15.47
2022 282   10.51   14.79   14.59   16.52   15.57   15.04
2022 283   10.49   14.62   14.34   16.33   15.23   14.86
2022 284   10.52   14.56   14.28   16.22   15.05   14.82
2022 285   10.49   14.50   14.24   16.11   14.94   14.79
2022 286   10.31   14.26   14.03   15.79   14.59   14.57
2022 287   10.11   13.87   13.80   15.46   14.26   14.19
2022 288    9.88   13.52   13.50   15.21   13.98   13.79
2022 289    9.58   13.20   13.14   14.97   13.55   13.32
2022 290    9.18   12.77   12.76   14.72   13.11   12.93
2022 291    8.78   12.16   12.35   14.24   12.66   12.34
2022 292    8.41   11.57   11.99   13.66   12.27   11.67
2022 293    8.19   11.22   11.75   13.24   11.94   11.14
2022 294    8.13   11.08   11.65   13.08   11.77   10.79
2022 295    8.20   11.11   11.64   13.17   11.82   10.83
2022 296    8.33   11.19   11.68   13.28   11.90   11.18
2022 297    8.31   11.18   11.74   13.40   12.05   11.50
2022 298    8.11   11.07   11.73   13.39   12.15   11.70
2022 299    7.89   10.89   11.63   13.30   12.16   12.00
2022 300    7.79   10.81   11.52   13.22   12.02   12.25
2022 301    7.83   10.89   11.46   13.15   11.89   12.31
2022 302    7.85   10.99   11.47   13.19   11.89   12.35
2022 303    7.87   11.06   11.48   13.17   11.95   12.54
2022 304    7.93   11.14   11.54   13.14   11.96   12.82
2022 305    8.04   11.23   11.59   13.13   11.96   13.02
2022 306    8.05   11.22   11.61   13.13   11.96   13.09
2022 307    8.05   11.12   11.57   13.20   12.02   13.12
2022 308    8.03   10.98   11.45   13.18   12.09   13.06
2022 309    7.92   10.66   11.27   13.21   12.12   13.07
2022 310    7.74   10.31   11.11   13.34   12.21   13.12
2022 311    7.61   10.15   11.01   13.38   12.24   13.01
2022 312    7.58   10.14   10.87   13.27   12.17   12.70
2022 313    7.64   10.19   10.77   13.21   12.08   12.41
2022 314    7.68   10.33   10.73   13.20   11.99   12.30
2022 315    7.60   10.26   10.67   13.23   11.95   12.30
2022 316    7.38   10.08   10.60   13.13   11.86   12.17
2022 317    6.99    9.80   10.50   12.87   11.68   12.10
2022 318    6.05    9.42   10.27   12.39   11.36   11.83
2022 319    5.86    9.13   10.10   11.96   11.17   11.46
2022 320    5.72    8.72    9.80   11.20   11.00   10.55
2022 321    5.58    8.30    9.27   10.28   10.61    9.51
2022 322    5.49    7.95    8.89    9.44   10.15    8.41
2022 323    5.43    7.73    8.42    8.81    9.58    7.21
2022 324    5.43    7.59    8.11    8.33    8.81    5.68
2022 325    5.42    7.47    7.80    8.06    8.19    4.79
2022 326    5.40    7.39    7.64    7.97    7.89    4.57
2022 327    5.40    7.37    7.57    7.95    7.68    4.78
2022 328    5.41    7.43    7.55    7.95    7.59    5.12
2022 329    5.45    7.48    7.57    7.97    7.64    5.54
2022 330    5.48    7.56    7.65    8.06    7.77    5.82
2022 331    5.46    7.53    7.67    8.12    7.78    5.94
2022 332    5.45    7.37    7.58    8.01    7.64    5.83
2022 333    5.42    7.22    7.49    7.83    7.45    5.68
2022 334    5.39    7.03    7.35    7.58    7.29    5.57
2022 335    5.31    6.83    7.15    7.27    7.10    5.46
2022 336    5.20    6.63    6.92    7.05    6.90    5.33
2022 337    5.05    6.42    6.68    6.88    6.73    5.16
2022 338    4.87    6.32    6.48    6.76    6.58    4.95
2022 339    4.74    6.30    6.43    6.72    6.53    4.80
2022 340    4.57    6.26    6.42    6.71    6.54    4.81
2022 341    4.36    6.07    6.27    6.64    6.50    4.56
2022 342    4.27    5.94    6.18    6.60    6.49    4.57
2022 343    4.26    5.87    6.13    6.54    6.43    4.60
2022 344    4.26    5.92    6.08    6.47    6.37    4.61
2022 345    4.27    5.93    5.99    6.39    6.31    4.54
2022 346    4.27    5.94    5.86    6.24    6.22    4.47
2022 347    4.28    5.95    5.83    6.12    6.19    4.40
2022 348    4.27    5.88    5.75    6.05    6.13    4.22
2022 349    4.23    5.61    5.56    5.91    6.10    3.74
2022 350    4.18    5.58    5.51    5.85    6.05    3.50
2022 351    4.13    5.50    5.44    5.75    5.96    3.37
2022 352    4.11    5.44    5.32    5.60    5.90    3.27
2022 353    4.06    4.95    5.26    4.96    5.79    3.17
2022 354    4.00    4.78    5.14    4.46    5.65    2.97
2022 355    3.96    4.74    5.12    4.36    5.57    2.89
2022 356    3.85    4.65    5.05    4.26    5.54    2.86
2022 357    3.74    4.54    4.97    4.07    5.51    2.80
2022 358    3.63    4.33    4.58    3.49    5.26    0.20
2022 359    3.54    4.13    4.36    2.59    4.91    0.20
2022 360    3.50    4.00    4.31    2.31    4.85    0.20
2022 361    3.49    4.08    4.23    2.20    4.76    0.20
2022 362    3.33    4.12    4.10    2.13    4.75    0.20
2022 363    3.24    4.20    4.05    2.43    4.69    0.20
2022 364    3.28    4.21    3.98    2.46    4.65    0.20
2022 365    3.26    4.10    3.83    2.41    4.67    0.20
